74
15
-15
5
-4
-3
-58
-43
1
6
3
0
3
-5
-2
5
2
2
27
-14
-2
-42
19
27
-4
24
1
-5
-10
4
44
-51
-38
16
7
-2
87
-19
-24
-12
64
-7
-105
84
5
84
-19
8
6
-78
-20
25
30
9
-74
-50
-6
0
4
0
-19
-8
20
-1
8
4
88
-88
1
-11
1
6
149
65
-34
-80
77
-21
-17
47
-85
20
-65
24
-11
124
-55
38
-86
33
-117
-124
19
-97
64
-2
10
-102
-36
-7
2
1
-55
-93
48
1
4
-1
-2
-2
35
-29
-28
-4
50
-6
0
87
-37
-20
98
-64
13
92
64
-13
152
20
1
11
-39
-33
-47
179
58
67
106
9
54
-39
-36
-37
-52
-13
15
-107
-19
3
6
1
-76
-47
-7
-12
6
4
-41
100
19
92
-2
-2
-116
-86
43
-60
101
22
97
-75
-6
-2
-20
-30
-5
150
80
41
-57
15
-84
-168
42
-48
15
0
73
15
-1
15
-2
-3
-7
-148
-2
20
18
-3
-74
-19
-17
21
-35
9
-153
13
-31
4
30
0
-21
-72
-29
-9
-27
-21
57
-56
57
-50
-57
-31
-92
58
82
-34
-34
-17
-1
-116
-85
-31
-41
0
100
-54
-8
-60
45
1
-16
-184
-37
5
14
-1
-116
4
31
9
16
-5
-84
32
-28
10
-71
-22
-110
-115
12
46
-27
-11
39
-4
-5
23
-21
3
-130
-34
76
22
57
9
49
14
-18
-2
-15
-3
193
-45
-47
-16
-23
-4
2
-132
12
-23
-17
-16
-158
8
38
36
-4
3
-98
23
-74
1
46
-3
-136
-87
28
-34
7
3
61
-58
6
-2
-2
-13
22
98
33
-130
-59
-21
25
-15
30
-59
45
7
16
179
47
48
51
5
23
-123
-46
-18
-11
-6
-182
-5
18
-9
30
4
-155
24
-51
8
3
12
-50
-84
-11
-44
-28
6
42
-16
9
2
-8
3
134
20
-94
-4
52
4
-15
-75
10
71
-49
18
-105
25
-17
27
8
15
